1.0446192026138306
0.4113749861717224
0.3340533375740051
0.3111591637134552
0.2954152524471283
0.2816962003707886
0.2677445411682129
0.25338372588157654
0.2430243343114853
0.23524877429008484
0.22926010191440582
0.22310736775398254
0.2190311700105667
0.21318219602108002
0.20954491198062897
0.2066694051027298
0.2033555656671524
0.20075690746307373
0.19897978007793427
0.1972339004278183
0.1949845552444458
0.19343481957912445
0.1918381005525589
0.19029515981674194
0.18818718194961548
0.18754029273986816
0.18642115592956543
0.18432363867759705
0.18386632204055786
0.18216824531555176
0.1807308793067932
0.18012413382530212
0.17979399859905243
0.17827105522155762
0.1784987598657608
0.17673692107200623
0.17554137110710144
0.17541083693504333
0.1743670552968979
0.1734962910413742
0.1725797951221466
0.17246472835540771
0.17115987837314606
0.1710187792778015
0.17013339698314667
0.16942477226257324
0.1685124933719635
0.1677662432193756
0.16745854914188385
0.1673620641231537
0.1670643538236618
0.16663858294487
0.16541001200675964
0.1654096096754074
0.16477659344673157
0.16384777426719666
