0.966627836227417
0.39166074991226196
0.31786465644836426
0.29630789160728455
0.28157034516334534
0.2688816785812378
0.2558102607727051
0.24244698882102966
0.23262163996696472
0.22540457546710968
0.2199205458164215
0.21412430703639984
0.21031346917152405
0.2048272043466568
0.20145228505134583
0.1988818496465683
0.19573713839054108
0.19336558878421783
0.19171813130378723
0.1901414394378662
0.18805654346942902
0.18665474653244019
0.18523648381233215
0.18375593423843384
0.1818939745426178
0.18127064406871796
0.1802484542131424
0.1783706247806549
0.17800600826740265
0.17635704576969147
0.17503944039344788
0.17454539239406586
0.17420823872089386
0.17285063862800598
0.17303021252155304
0.17145168781280518
0.1703108251094818
0.1702042520046234
0.16922149062156677
0.1683860570192337
0.16755685210227966
0.1675260066986084
0.16621491312980652
0.16606272757053375
0.16529172658920288
0.16469158232212067
0.1638127714395523
0.163153737783432
0.16292670369148254
0.16275347769260406
0.1625082790851593
0.1621105819940567
0.16096238791942596
0.16091595590114594
0.16041652858257294
0.15958838164806366
